61 75
61 90
61 120
61 135
61 155
61 157
61 176
61 212
61 328
61 348
61 406
61 440
61 490
61 505
61 517
61 529
61 533
61 572
61 577
61 593
61 671
61 676
61 680
61 702
61 726
61 730
61 754
61 833
61 897
65 75
65 90
65 120
65 135
65 155
65 328
65 348
65 406
65 440
65 452
65 490
65 505
65 517
65 529
65 533
65 572
65 577
65 593
65 594
65 613
65 671
65 676
65 702
65 726
65 730
65 754
65 833
65 897
65 902
65 905
75 90
75 120
75 135
75 155
75 176
75 245
75 328
75 406
75 440
75 452
75 490
75 505
75 517
75 529
75 533
75 593
75 594
75 613
75 671
75 676
75 702
75 726
75 730
75 754
75 833
75 897
75 905
90 120
90 135
90 155
90 176
90 212
90 245
90 328
90 348
90 406
90 440
90 490
90 505
90 517
90 529
90 533
90 594
90 613
90 671
90 676
90 702
90 726
90 730
90 754
90 833
90 897
90 902
90 905
120 135
120 155
120 176
120 212
120 245
120 328
120 348
120 406
120 440
120 490
120 505
120 517
120 529
120 533
120 572
120 577
120 593
120 594
120 613
120 668
120 671
120 702
120 726
120 730
120 754
120 833
120 897
120 902
120 905
135 155
135 157
135 176
135 212
135 245
135 328
135 406
135 440
135 452
135 490
135 505
135 517
135 529
135 572
135 577
135 593
135 594
135 613
135 668
135 671
135 676
135 702
135 726
135 730
135 754
135 833
135 897
135 902
135 905
155 157
155 212
155 245
155 328
155 348
155 406
155 440
155 452
155 490
155 505
155 517
155 529
155 572
155 577
155 593
155 668
155 671
155 676
155 680
155 702
155 726
155 730
155 754
155 833
155 897
155 905
157 176
157 212
157 245
157 328
157 348
157 406
157 440
157 490
157 505
157 517
157 529
157 533
157 572
157 593
157 594
157 613
157 671
157 676
157 680
157 702
157 726
157 730
157 754
157 833
157 897
157 902
157 905
176 212
176 328
176 406
176 490
176 517
176 593
176 613
176 671
176 676
176 702
176 754
176 833
176 897
176 905
212 245
212 328
212 348
212 406
212 440
212 490
212 505
212 517
212 529
212 572
212 593
212 594
212 613
212 668
212 671
212 676
212 702
212 726
212 730
212 754
212 833
212 897
212 902
212 905
245 328
245 406
245 440
245 452
245 490
245 517
245 572
245 577
245 593
245 671
245 676
245 702
245 730
245 754
245 897
245 902
245 905
328 348
328 406
328 440
328 452
328 490
328 505
328 517
328 529
328 533
328 572
328 577
328 593
328 594
328 613
328 668
328 671
328 676
328 680
328 702
328 726
328 730
328 754
328 833
328 897
328 902
328 905
348 406
348 440
348 452
348 490
348 505
348 517
348 529
348 572
348 577
348 593
348 668
348 671
348 680
348 702
348 726
348 730
348 754
348 833
348 897
348 905
406 440
406 452
406 490
406 505
406 529
406 533
406 572
406 577
406 593
406 594
406 613
406 671
406 676
406 680
406 702
406 726
406 730
406 754
406 833
406 897
406 905
440 452
440 490
440 505
440 517
440 529
440 533
440 572
440 577
440 593
440 594
440 668
440 676
440 702
440 726
440 730
440 754
440 833
440 897
440 902
440 905
452 490
452 505
452 517
452 529
452 572
452 577
452 593
452 671
452 676
452 702
452 726
452 833
452 897
452 905
490 505
490 517
490 529
490 533
490 572
490 577
490 593
490 594
490 613
490 671
490 676
490 680
490 702
490 726
490 730
490 754
490 833
490 897
490 902
490 905
505 517
505 529
505 533
505 572
505 577
505 593
505 668
505 671
505 676
505 702
505 726
505 730
505 754
505 833
505 897
505 902
505 905
517 529
517 572
517 577
517 593
517 613
517 668
517 671
517 676
517 680
517 702
517 726
517 730
517 754
517 833
517 897
517 902
517 905
529 533
529 572
529 577
529 593
529 668
529 671
529 676
529 702
529 730
529 754
529 897
529 905
533 572
533 593
533 594
533 613
533 671
533 676
533 726
533 754
533 833
533 897
533 902
533 905
572 577
572 593
572 594
572 668
572 671
572 676
572 702
572 726
572 730
572 754
572 897
572 905
577 593
577 671
577 676
577 680
577 702
577 726
577 730
577 754
577 833
577 897
577 905
593 613
593 668
593 671
593 676
593 680
593 702
593 726
593 730
593 833
593 897
593 902
593 905
594 613
594 671
594 676
594 726
594 730
594 754
594 897
594 905
613 671
613 730
613 754
613 833
613 897
613 902
613 905
668 671
668 702
668 726
668 730
668 754
668 897
668 905
671 676
671 680
671 702
671 726
671 730
671 754
671 833
671 897
671 905
676 680
676 702
676 726
676 730
676 754
676 897
676 905
680 702
680 726
680 730
680 754
680 833
680 897
702 726
702 730
702 754
702 833
702 897
702 902
702 905
726 730
726 754
726 833
726 897
726 902
726 905
730 833
730 897
730 902
730 905
754 833
754 897
754 902
754 905
833 897
833 902
833 905
897 902
897 905
902 905