13 14
13 171
13 197
13 494
13 504
13 519
13 528
13 628
13 638
13 703
13 722
13 765
13 810
13 819
13 832
13 863
13 903
13 977
13 982
14 171
14 197
14 494
14 504
14 519
14 528
14 628
14 686
14 703
14 722
14 765
14 810
14 819
14 832
14 863
14 903
14 906
14 977
14 982
30 52
30 90
30 104
30 126
30 133
30 164
30 166
30 230
30 253
30 289
30 307
30 348
30 407
30 437
30 461
30 588
30 632
30 748
30 772
30 850
30 867
30 894
30 930
32 53
32 61
32 90
32 127
32 157
32 176
32 187
32 212
32 275
32 310
32 379
32 490
32 517
32 521
32 555
32 577
32 594
32 671
32 676
32 680
32 702
32 715
32 730
32 754
32 833
32 872
32 897
32 902
32 905
40 53
40 61
40 75
40 90
40 120
40 127
40 146
40 157
40 191
40 212
40 310
40 328
40 406
40 444
40 487
40 533
40 555
40 593
40 594
40 613
40 617
40 671
40 726
40 754
40 872
40 909
40 968
52 104
52 112
52 126
52 133
52 164
52 166
52 230
52 253
52 307
52 348
52 407
52 415
52 461
52 572
52 588
52 632
52 705
52 748
52 764
52 772
52 850
52 894
52 930
53 61
53 75
53 90
53 107
53 120
53 127
53 146
53 157
53 176
53 187
53 191
53 212
53 218
53 273
53 275
53 310
53 328
53 358
53 407
53 433
53 444
53 487
53 488
53 490
53 505
53 521
53 529
53 533
53 555
53 572
53 593
53 594
53 613
53 617
53 668
53 671
53 676
53 702
53 704
53 715
53 726
53 730
53 754
53 758
53 832
53 833
53 872
53 905
53 909
53 917
53 933
53 959
53 968
53 978
61 65
61 75
61 90
61 120
61 122
61 127
61 135
61 155
61 157
61 176
61 187
61 189
61 191
61 212
61 273
61 275
61 328
61 348
61 379
61 406
61 407
61 433
61 440
61 490
61 505
61 517
61 521
61 529
61 533
61 572
61 577
61 581
61 593
61 602
61 617
61 671
61 676
61 680
61 702
61 726
61 730
61 748
61 754
61 758
61 833
61 897
61 902
61 917
61 930
65 75
65 90
65 107
65 120
65 127
65 135
65 146
65 155
65 157
65 176
65 189
65 191
65 212
65 218
65 273
65 275
65 310
65 328
65 348
65 358
65 406
65 407
65 440
65 452
65 487
65 490
65 505
65 517
65 521
65 529
65 533
65 555
65 572
65 577
65 593
65 594
65 602
65 613
65 655
65 671
65 676
65 702
65 704
65 715
65 726
65 730
65 754
65 758
65 832
65 833
65 897
65 902
65 905
65 909
65 930
65 959
65 968
65 978
74 104
74 112
74 126
74 133
74 164
74 166
74 230
74 253
74 289
74 307
74 326
74 348
74 407
74 425
74 437
74 559
74 572
74 632
74 742
74 745
74 748
74 764
74 867
74 894
74 930
74 965
75 90
75 91
75 107
75 120
75 127
75 135
75 146
75 155
75 176
75 187
75 189
75 191
75 218
75 245
75 273
75 275
75 310
75 328
75 379
75 406
75 407
75 433
75 440
75 444
75 452
75 487
75 490
75 505
75 517
75 521
75 529
75 533
75 555
75 593
75 594
75 602
75 613
75 617
75 671
75 676
75 680
75 702
75 704
75 715
75 726
75 730
75 754
75 758
75 832
75 833
75 872
75 897
75 902
75 905
75 909
75 930
75 933
75 968
75 978
90 91
90 104
90 107
90 120
90 122
90 127
90 133
90 135
90 146
90 155
90 164
90 166
90 176
90 187
90 189
90 191
90 212
90 218
90 245
90 253
90 273
90 275
90 289
90 307
90 310
90 328
90 348
90 379
90 406
90 407
90 433
90 440
90 444
90 461
90 487
90 488
90 490
90 505
90 517
90 521
90 529
90 533
90 555
90 581
90 588
90 594
90 613
90 617
90 632
90 655
90 671
90 676
90 702
90 704
90 715
90 726
90 730
90 748
90 754
90 758
90 832
90 833
90 850
90 867
90 872
90 894
90 897
90 902
90 905
90 909
90 917
90 930
90 959
90 965
90 968
90 978
91 107
91 120
91 127
91 135
91 146
91 155
91 176
91 187
91 189
91 218
91 275
91 310
91 328
91 348
91 379
91 406
91 407
91 444
91 487
91 490
91 505
91 517
91 521
91 529
91 593
91 594
91 602
91 613
91 668
91 676
91 704
91 726
91 754
91 833
91 897
91 930
91 959
91 968
104 126
104 133
104 164
104 166
104 230
104 253
104 289
104 307
104 348
104 407
104 415
104 437
104 461
104 588
104 632
104 705
104 742
104 748
104 772
104 850
104 867
104 894
104 930
104 965
107 120
107 127
107 157
107 176
107 189
107 212
107 310
107 328
107 406
107 444
107 490
107 555
107 593
107 594
107 617
107 671
107 702
107 754
107 832
107 872
107 933
107 968
112 126
112 164
112 166
112 230
112 253
112 289
112 307
112 326
112 348
112 407
112 572
112 632
112 764
112 772
112 894
112 930
120 127
120 135
120 146
120 155
120 176
120 187
120 189
120 191
120 212
120 218
120 245
120 273
120 275
120 310
120 328
120 348
120 379
120 406
120 407
120 433
120 440
120 444
120 452
120 487
120 488
120 490
120 505
120 517
120 521
120 529
120 533
120 555
120 572
120 577
120 581
120 593
120 594
120 602
120 613
120 617
120 655
120 668
120 671
120 680
120 702
120 704
120 715
120 726
120 730
120 748
120 754
120 758
120 832
120 833
120 872
120 897
120 902
120 905
120 909
120 917
120 930
120 933
120 959
120 968
120 978
122 135
122 176
122 187
122 275
122 310
122 348
122 379
122 440
122 490
122 505
122 517
122 521
122 577
122 676
122 702
122 726
122 754
122 833
122 897
122 902
126 133
126 164
126 166
126 230
126 253
126 289
126 307
126 326
126 348
126 407
126 425
126 437
126 559
126 572
126 588
126 632
126 705
126 742
126 745
126 748
126 764
126 772
126 850
126 867
126 894
126 930
126 965
127 157
127 176
127 187
127 191
127 212
127 310
127 328
127 406
127 444
127 533
127 555
127 581
127 593
127 613
127 671
127 702
127 730
127 754
127 872
127 905
127 968
133 164
133 166
133 230
133 253
133 289
133 307
133 348
133 407
133 461
133 572
133 588
133 632
133 742
133 748
133 894
133 930
133 965
135 155
135 157
135 176
135 187
135 189
135 191
135 212
135 245
135 273
135 310
135 328
135 358
135 406
135 433
135 440
135 452
135 490
135 505
135 517
135 521
135 529
135 533
135 555
135 572
135 577
135 593
135 594
135 602
135 613
135 668
135 671
135 676
135 702
135 704
135 726
135 730
135 748
135 754
135 758
135 833
135 872
135 897
135 902
135 905
135 917
135 933
135 968
146 155
146 157
146 189
146 191
146 212
146 273
146 310
146 328
146 406
146 407
146 444
146 487
146 593
146 594
146 602
146 613
146 617
146 704
146 754
146 872
146 909
146 930
146 968
155 157
155 191
155 212
155 245
155 328
155 348
155 358
155 406
155 407
155 440
155 452
155 487
155 488
155 490
155 505
155 517
155 529
155 533
155 572
155 577
155 593
155 602
155 655
155 668
155 671
155 676
155 680
155 702
155 715
155 726
155 730
155 748
155 754
155 758
155 833
155 897
155 905
155 917
157 176
157 187
157 191
157 212
157 218
157 245
157 273
157 310
157 328
157 348
157 379
157 406
157 407
157 433
157 440
157 444
157 487
157 488
157 490
157 505
157 517
157 521
157 529
157 533
157 555
157 572
157 577
157 581
157 593
157 594
157 602
157 613
157 617
157 655
157 671
157 676
157 680
157 702
157 704
157 715
157 726
157 730
157 748
157 754
157 758
157 832
157 833
157 897
157 902
157 905
157 909
157 917
157 933
157 959
157 968
157 978
164 166
164 230
164 289
164 307
164 326
164 348
164 407
164 425
164 437
164 559
164 572
164 588
164 632
164 742
164 745
164 748
164 764
164 772
164 850
164 867
164 894
164 930
164 965
166 230
166 253
166 289
166 307
166 326
166 348
166 407
166 415
166 425
166 437
166 461
166 572
166 588
166 632
166 705
166 742
166 745
166 748
166 764
166 772
166 850
166 867
166 894
166 930
166 965
171 197
171 494
171 504
171 519
171 528
171 628
171 638
171 686
171 703
171 722
171 810
171 832
171 863
171 903
171 906
171 977
171 982
176 187
176 191
176 212
176 275
176 310
176 328
176 348
176 358
176 379
176 406
176 487
176 490
176 517
176 521
176 555
176 577
176 593
176 594
176 613
176 617
176 671
176 676
176 702
176 754
176 833
176 872
176 897
176 905
176 933
176 959
187 191
187 212
187 275
187 310
187 328
187 379
187 406
187 452
187 490
187 505
187 517
187 533
187 555
187 581
187 593
187 594
187 613
187 671
187 676
187 680
187 702
187 715
187 726
187 730
187 754
187 897
187 902
187 905
187 933
189 218
189 310
189 328
189 406
189 407
189 487
189 505
189 593
189 594
189 602
189 613
189 617
189 668
189 671
189 676
189 726
189 730
189 754
189 832
189 872
189 897
189 905
189 917
189 930
189 968
189 978
191 212
191 310
191 328
191 358
191 406
191 407
191 433
191 444
191 487
191 488
191 529
191 533
191 555
191 581
191 593
191 594
191 602
191 613
191 617
191 655
191 671
191 676
191 702
191 704
191 715
191 730
191 754
191 758
191 832
191 833
191 872
191 905
191 909
191 930
191 968
191 978
197 494
197 504
197 519
197 528
197 628
197 638
197 686
197 703
197 722
197 810
197 819
197 832
197 863
197 903
197 906
197 977
197 982
212 218
212 245
212 273
212 275
212 310
212 328
212 348
212 358
212 379
212 406
212 407
212 433
212 440
212 444
212 487
212 488
212 490
212 505
212 517
212 521
212 529
212 555
212 572
212 581
212 593
212 594
212 602
212 613
212 617
212 655
212 668
212 671
212 676
212 702
212 704
212 715
212 726
212 730
212 748
212 754
212 758
212 832
212 833
212 872
212 897
212 902
212 905
212 909
212 917
212 930
212 933
212 959
212 968
212 978
218 273
218 328
218 406
218 487
218 533
218 593
218 594
218 613
218 617
218 676
218 704
218 754
218 872
218 909
218 968
230 253
230 289
230 307
230 326
230 348
230 407
230 415
230 437
230 461
230 559
230 572
230 588
230 632
230 742
230 748
230 764
230 772
230 850
230 867
230 894
230 930
230 965
245 328
245 358
245 406
245 440
245 452
245 490
245 517
245 533
245 572
245 577
245 581
245 593
245 594
245 668
245 671
245 676
245 680
245 702
245 730
245 754
245 897
245 902
245 905
245 917
245 968
253 289
253 307
253 326
253 348
253 407
253 415
253 437
253 572
253 588
253 632
253 705
253 742
253 748
253 772
253 850
253 867
253 894
253 930
253 965
273 310
273 328
273 406
273 444
273 487
273 490
273 555
273 572
273 593
273 594
273 602
273 613
273 617
273 671
273 715
273 754
273 758
273 872
273 897
273 905
273 933
275 310
275 328
275 358
275 379
275 440
275 490
275 517
275 555
275 577
275 581
275 593
275 613
275 671
275 702
275 715
275 754
275 833
275 872
275 897
275 902
275 933
275 959
289 307
289 326
289 348
289 407
289 425
289 437
289 559
289 572
289 632
289 742
289 745
289 748
289 764
289 772
289 850
289 867
289 894
289 930
289 965
307 348
307 407
307 415
307 437
307 461
307 588
307 632
307 705
307 742
307 748
307 772
307 850
307 867
307 894
307 930
307 965
310 328
310 358
310 406
310 407
310 440
310 444
310 487
310 490
310 517
310 555
310 572
310 593
310 594
310 602
310 613
310 617
310 671
310 680
310 702
310 704
310 715
310 726
310 730
310 754
310 758
310 832
310 833
310 872
310 897
310 902
310 905
310 909
310 930
310 959
310 968
310 978
326 348
326 407
326 425
326 437
326 559
326 572
326 632
326 742
326 748
326 764
326 867
326 894
326 930
326 965
328 348
328 358
328 379
328 406
328 407
328 433
328 440
328 444
328 452
328 488
328 490
328 505
328 517
328 521
328 529
328 533
328 555
328 572
328 577
328 593
328 594
328 602
328 613
328 617
328 655
328 668
328 671
328 676
328 680
328 702
328 704
328 715
328 726
328 730
328 748
328 754
328 758
328 832
328 833
328 872
328 897
328 902
328 905
328 930
328 959
328 968
328 978
348 358
348 406
348 407
348 415
348 425
348 437
348 440
348 452
348 461
348 487
348 488
348 490
348 505
348 517
348 521
348 529
348 555
348 559
348 572
348 577
348 588
348 593
348 594
348 613
348 632
348 655
348 668
348 671
348 680
348 702
348 705
348 726
348 730
348 745
348 748
348 754
348 758
348 764
348 772
348 833
348 850
348 867
348 894
348 897
348 905
348 930
348 965
358 490
358 505
358 517
358 521
358 529
358 572
358 594
358 613
358 668
358 676
358 680
358 702
358 715
358 726
358 754
358 833
358 897
358 902
358 905
358 930
358 933
379 490
379 505
379 521
379 577
379 593
379 671
379 702
379 726
379 730
379 754
379 833
379 897
379 905
379 933
406 407
406 440
406 444
406 452
406 487
406 490
406 505
406 529
406 533
406 555
406 572
406 577
406 581
406 593
406 594
406 602
406 613
406 655
406 671
406 676
406 680
406 702
406 704
406 726
406 730
406 748
406 754
406 832
406 833
406 872
406 897
406 905
406 909
406 917
406 930
406 959
406 968
406 978
407 415
407 425
407 437
407 444
407 461
407 488
407 505
407 529
407 533
407 559
407 572
407 588
407 593
407 594
407 602
407 613
407 617
407 632
407 671
407 702
407 705
407 726
407 742
407 745
407 748
407 754
407 764
407 772
407 850
407 867
407 872
407 894
407 905
407 909
407 930
407 933
407 965
415 461
415 588
415 632
415 705
415 748
415 772
415 850
415 894
415 930
425 437
425 559
425 572
425 632
425 742
425 745
425 764
425 867
425 930
425 965
433 440
433 490
433 505
433 517
433 533
433 671
433 676
433 702
433 715
433 726
433 748
433 754
433 833
433 897
433 902
437 559
437 572
437 588
437 632
437 742
437 745
437 764
437 772
437 850
437 867
437 894
437 930
437 965
440 452
440 490
440 505
440 517
440 529
440 533
440 572
440 577
440 581
440 593
440 594
440 655
440 668
440 676
440 680
440 702
440 715
440 726
440 730
440 748
440 754
440 758
440 833
440 897
440 902
440 905
440 917
444 487
444 529
444 594
444 613
444 617
444 754
444 832
444 872
444 909
444 930
452 490
452 505
452 517
452 529
452 572
452 577
452 593
452 655
452 671
452 676
452 702
452 726
452 833
452 897
452 902
452 905
461 572
461 588
461 632
461 705
461 748
461 764
461 772
461 850
461 867
461 894
461 930
461 965
487 505
487 529
487 533
487 593
487 594
487 668
487 671
487 704
487 754
487 872
487 930
487 968
488 529
488 533
488 572
488 593
488 602
488 617
488 671
488 676
488 730
488 754
488 872
488 905
488 930
490 505
490 517
490 521
490 529
490 533
490 555
490 572
490 577
490 581
490 593
490 594
490 613
490 668
490 671
490 676
490 680
490 702
490 715
490 726
490 730
490 754
490 758
490 833
490 872
490 897
490 902
490 905
490 917
490 933
490 959
494 504
494 519
494 528
494 628
494 638
494 686
494 703
494 722
494 765
494 810
494 819
494 832
494 863
494 903
494 906
494 977
494 982
504 519
504 528
504 628
504 638
504 686
504 703
504 722
504 765
504 810
504 819
504 832
504 863
504 903
504 906
504 977
504 982
505 517
505 529
505 533
505 572
505 577
505 593
505 655
505 668
505 671
505 676
505 702
505 715
505 726
505 730
505 748
505 754
505 758
505 833
505 872
505 897
505 902
505 905
505 917
505 930
517 529
517 555
517 572
517 577
517 581
517 593
517 613
517 655
517 668
517 671
517 676
517 680
517 702
517 715
517 726
517 730
517 748
517 754
517 758
517 833
517 897
517 902
517 905
517 917
517 930
519 528
519 628
519 638
519 686
519 703
519 722
519 765
519 810
519 819
519 832
519 863
519 903
519 906
519 982
521 533
521 572
521 577
521 593
521 594
521 676
521 680
521 702
521 726
521 730
521 754
521 833
521 872
521 897
521 902
521 905
521 917
521 933
528 628
528 686
528 703
528 722
528 765
528 810
528 819
528 832
528 863
528 903
528 906
528 977
528 982
529 533
529 572
529 577
529 581
529 593
529 594
529 655
529 668
529 671
529 676
529 702
529 730
529 748
529 754
529 758
529 872
529 897
529 905
529 909
529 917
529 930
529 933
533 572
533 581
533 593
533 594
533 602
533 613
533 617
533 668
533 671
533 676
533 715
533 726
533 730
533 754
533 758
533 832
533 833
533 872
533 897
533 902
533 905
533 909
533 968
555 593
555 594
555 613
555 671
555 702
555 704
555 754
555 833
555 872
555 897
555 933
555 959
555 968
559 572
559 632
559 745
559 764
559 867
559 894
559 930
559 965
572 577
572 581
572 588
572 593
572 594
572 602
572 632
572 655
572 668
572 671
572 676
572 680
572 702
572 715
572 726
572 730
572 742
572 745
572 748
572 754
572 758
572 764
572 772
572 850
572 867
572 894
572 897
572 905
572 930
572 965
577 593
577 594
577 655
577 671
577 676
577 680
577 702
577 726
577 730
577 748
577 754
577 758
577 833
577 897
577 905
581 593
581 594
581 671
581 676
581 680
581 702
581 715
581 730
581 754
581 897
581 905
581 933
588 632
588 705
588 748
588 764
588 772
588 850
588 894
588 930
588 965
593 594
593 602
593 613
593 655
593 668
593 671
593 676
593 680
593 702
593 704
593 715
593 726
593 730
593 748
593 832
593 833
593 872
593 897
593 902
593 905
593 909
593 917
593 930
593 959
593 968
593 978
594 602
594 613
594 617
594 668
594 671
594 676
594 704
594 715
594 726
594 730
594 754
594 758
594 832
594 872
594 897
594 905
594 909
594 930
594 933
594 959
594 968
594 978
602 617
602 671
602 676
602 704
602 726
602 730
602 754
602 758
602 872
602 905
602 930
602 933
602 978
613 617
613 671
613 702
613 704
613 715
613 730
613 754
613 758
613 833
613 872
613 897
613 902
613 905
613 909
613 933
613 959
613 968
613 978
617 671
617 754
617 872
617 897
617 905
617 909
617 933
617 968
617 978
628 638
628 686
628 703
628 722
628 765
628 810
628 819
628 832
628 863
628 903
628 906
628 977
628 982
632 705
632 742
632 745
632 748
632 764
632 772
632 850
632 867
632 894
632 930
632 965
638 703
638 722
638 810
638 819
638 832
638 863
638 903
638 906
638 977
638 982
655 668
655 671
655 676
655 730
655 748
655 758
655 897
655 917
668 671
668 676
668 702
668 715
668 726
668 730
668 748
668 754
668 758
668 833
668 897
668 905
668 917
668 930
671 676
671 680
671 702
671 704
671 715
671 726
671 730
671 754
671 758
671 833
671 897
671 902
671 905
671 933
676 680
676 702
676 715
676 726
676 730
676 754
676 758
676 833
676 897
676 902
676 905
676 917
676 933
676 968
676 978
680 702
680 715
680 726
680 730
680 754
680 833
680 897
680 902
680 917
686 703
686 722
686 810
686 819
686 832
686 863
686 903
686 906
686 977
686 982
702 715
702 726
702 730
702 748
702 754
702 833
702 872
702 897
702 902
702 905
702 933
703 722
703 765
703 810
703 819
703 832
703 863
703 903
703 906
703 977
703 982
704 715
704 730
704 754
704 872
704 897
704 909
704 968
705 748
705 772
705 850
705 894
705 930
715 730
715 754
715 833
715 872
715 897
715 902
715 933
715 968
722 765
722 810
722 819
722 832
722 863
722 903
722 906
722 977
722 982
726 730
726 748
726 754
726 833
726 872
726 897
726 902
726 905
726 917
726 930
726 933
730 758
730 833
730 872
730 897
730 902
730 905
730 917
730 968
742 745
742 764
742 867
742 894
742 965
745 764
745 867
745 894
745 965
748 754
748 758
748 772
748 850
748 872
748 894
748 897
748 905
748 930
748 965
754 758
754 832
754 833
754 872
754 897
754 902
754 905
754 909
754 930
754 933
754 959
754 968
754 978
758 872
758 897
758 905
758 917
764 772
764 850
764 867
764 894
764 930
764 965
765 810
765 819
765 832
765 863
765 903
765 982
772 850
772 867
772 894
772 930
772 965
810 819
810 832
810 863
810 903
810 906
810 977
810 982
819 832
819 863
819 903
819 906
819 982
832 863
832 872
832 903
832 905
832 906
832 968
832 977
832 982
833 872
833 897
833 902
833 905
833 933
833 959
850 894
850 930
850 965
863 903
863 906
863 977
863 982
867 894
867 930
867 965
872 897
872 905
872 909
872 917
872 930
872 933
872 959
872 968
872 978
894 930
894 965
897 902
897 905
897 917
897 930
897 933
902 905
902 917
903 906
903 977
903 982
905 917
905 930
905 933
905 968
906 977
906 982
909 968
930 965
933 968
959 968
968 978
977 982