0 78
0 99
0 176
0 246
0 308
0 327
0 400
0 459
0 490
0 555
0 585
0 591
0 677
0 694
0 749
0 844
0 911
2 30
2 52
2 61
2 74
2 77
2 112
2 126
2 164
2 166
2 256
2 307
2 326
2 348
2 407
2 415
2 437
2 488
2 505
2 572
2 588
2 632
2 764
2 772
2 850
2 867
2 930
2 965
13 14
13 90
13 171
13 197
13 494
13 504
13 519
13 528
13 628
13 638
13 666
13 703
13 722
13 765
13 810
13 819
13 832
13 863
13 903
13 905
13 977
13 982
14 90
14 171
14 197
14 265
14 494
14 504
14 519
14 528
14 562
14 628
14 634
14 641
14 666
14 686
14 703
14 722
14 744
14 765
14 810
14 819
14 832
14 863
14 903
14 905
14 906
14 977
14 982
24 32
24 61
24 90
24 120
24 186
24 187
24 275
24 288
24 418
24 440
24 490
24 516
24 517
24 593
24 613
24 684
24 702
24 715
24 730
24 754
24 833
24 897
24 902
30 52
30 61
30 90
30 104
30 112
30 126
30 133
30 164
30 166
30 230
30 253
30 256
30 289
30 307
30 348
30 407
30 415
30 437
30 461
30 505
30 559
30 588
30 632
30 714
30 727
30 745
30 748
30 772
30 850
30 867
30 894
30 928
30 930
31 92
31 136
31 141
31 163
31 198
31 310
31 337
31 344
31 418
31 631
31 788
31 820
31 839
31 897
31 934
31 952
31 971
32 53
32 61
32 90
32 127
32 157
32 176
32 186
32 187
32 212
32 275
32 288
32 310
32 368
32 379
32 418
32 490
32 516
32 517
32 521
32 555
32 577
32 594
32 671
32 676
32 680
32 684
32 700
32 702
32 708
32 715
32 723
32 730
32 733
32 754
32 833
32 872
32 873
32 897
32 902
32 905
40 53
40 61
40 65
40 75
40 90
40 120
40 127
40 146
40 149
40 157
40 188
40 189
40 191
40 212
40 227
40 236
40 267
40 285
40 310
40 328
40 358
40 406
40 415
40 433
40 440
40 444
40 487
40 490
40 516
40 533
40 555
40 593
40 594
40 613
40 617
40 646
40 671
40 680
40 715
40 726
40 733
40 736
40 754
40 815
40 872
40 882
40 909
40 922
40 959
40 968
52 77
52 104
52 112
52 126
52 133
52 164
52 166
52 230
52 253
52 307
52 326
52 348
52 407
52 415
52 461
52 559
52 572
52 588
52 632
52 705
52 714
52 727
52 745
52 748
52 764
52 772
52 850
52 894
52 930
53 56
53 61
53 65
53 70
53 75
53 90
53 107
53 120
53 127
53 146
53 157
53 164
53 176
53 187
53 188
53 189
53 191
53 212
53 218
53 231
53 236
53 242
53 267
53 273
53 275
53 285
53 300
53 310
53 328
53 358
53 368
53 407
53 415
53 425
53 433
53 444
53 487
53 488
53 490
53 505
53 521
53 522
53 527
53 529
53 533
53 555
53 567
53 572
53 593
53 594
53 597
53 613
53 617
53 646
53 668
53 671
53 676
53 684
53 702
53 704
53 708
53 715
53 723
53 726
53 730
53 754
53 758
53 765
53 832
53 833
53 872
53 882
53 894
53 902
53 905
53 909
53 917
53 922
53 933
53 959
53 968
53 978
56 65
56 75
56 90
56 91
56 120
56 155
56 157
56 191
56 212
56 236
56 275
56 285
56 490
56 527
56 577
56 593
56 602
56 617
56 671
56 676
56 680
56 715
56 730
56 754
56 872
56 897
56 905
56 917
56 933
56 968
61 65
61 75
61 90
61 112
61 120
61 122
61 127
61 135
61 155
61 157
61 164
61 176
61 187
61 189
61 191
61 212
61 227
61 231
61 267
61 273
61 275
61 288
61 300
61 326
61 328
61 348
61 368
61 379
61 406
61 407
61 415
61 418
61 433
61 440
61 461
61 490
61 505
61 517
61 521
61 522
61 529
61 533
61 537
61 567
61 572
61 577
61 581
61 588
61 593
61 602
61 617
61 646
61 654
61 671
61 676
61 680
61 684
61 700
61 702
61 708
61 723
61 726
61 730
61 733
61 748
61 754
61 758
61 764
61 772
61 815
61 833
61 836
61 850
61 873
61 882
61 894
61 897
61 902
61 917
61 930
65 70
65 75
65 90
65 107
65 120
65 127
65 135
65 146
65 149
65 155
65 157
65 176
65 188
65 189
65 191
65 212
65 218
65 236
65 267
65 273
65 275
65 310
65 328
65 348
65 358
65 368
65 406
65 407
65 415
65 425
65 440
65 452
65 487
65 490
65 505
65 516
65 517
65 521
65 527
65 529
65 533
65 555
65 572
65 577
65 593
65 594
65 602
65 613
65 655
65 671
65 676
65 684
65 702
65 704
65 708
65 715
65 723
65 726
65 727
65 730
65 733
65 736
65 754
65 757
65 758
65 764
65 765
65 832
65 833
65 872
65 873
65 897
65 902
65 905
65 909
65 922
65 930
65 933
65 959
65 968
65 978
70 75
70 90
70 91
70 120
70 157
70 176
70 189
70 191
70 212
70 328
70 406
70 407
70 521
70 593
70 594
70 617
70 730
70 736
70 754
70 758
70 872
70 922
74 90
74 104
74 112
74 126
74 133
74 164
74 166
74 212
74 230
74 253
74 256
74 289
74 307
74 326
74 348
74 407
74 415
74 425
74 437
74 488
74 559
74 572
74 632
74 714
74 727
74 742
74 745
74 748
74 764
74 867
74 894
74 930
74 965
75 90
75 91
75 107
75 120
75 127
75 135
75 146
75 149
75 155
75 176
75 187
75 188
75 189
75 191
75 218
75 227
75 231
75 245
75 267
75 273
75 275
75 300
75 310
75 328
75 368
75 379
75 406
75 407
75 415
75 433
75 440
75 444
75 452
75 487
75 490
75 505
75 516
75 517
75 521
75 522
75 527
75 529
75 533
75 537
75 555
75 593
75 594
75 597
75 602
75 613
75 617
75 646
75 654
75 655
75 671
75 676
75 680
75 684
75 702
75 704
75 715
75 726
75 730
75 733
75 736
75 754
75 758
75 765
75 815
75 832
75 833
75 872
75 873
75 897
75 902
75 905
75 909
75 922
75 930
75 933
75 968
75 978
77 90
77 104
77 126
77 166
77 230
77 253
77 256
77 289
77 307
77 348
77 407
77 415
77 461
77 488
77 572
77 632
77 742
77 745
77 748
77 764
77 772
77 850
77 867
77 894
77 930
78 99
78 176
78 246
78 308
78 327
78 400
78 459
78 490
78 555
78 585
78 591
78 677
78 694
78 749
78 844
78 911
90 91
90 104
90 107
90 112
90 120
90 122
90 127
90 133
90 135
90 146
90 155
90 164
90 166
90 171
90 176
90 186
90 187
90 188
90 189
90 191
90 197
90 212
90 218
90 231
90 236
90 242
90 245
90 253
90 256
90 273
90 275
90 289
90 300
90 307
90 310
90 328
90 348
90 368
90 379
90 406
90 407
90 415
90 418
90 425
90 433
90 440
90 444
90 461
90 487
90 488
90 490
90 494
90 504
90 505
90 517
90 521
90 522
90 528
90 529
90 533
90 555
90 559
90 567
90 581
90 588
90 594
90 597
90 613
90 617
90 628
90 632
90 646
90 654
90 655
90 671
90 676
90 686
90 700
90 702
90 704
90 705
90 715
90 726
90 730
90 733
90 748
90 754
90 757
90 758
90 765
90 819
90 832
90 833
90 836
90 850
90 863
90 867
90 872
90 873
90 882
90 894
90 897
90 902
90 905
90 906
90 909
90 917
90 922
90 928
90 930
90 959
90 965
90 968
90 975
90 977
90 978
90 982
91 107
91 120
91 127
91 135
91 146
91 149
91 155
91 176
91 187
91 189
91 191
91 218
91 227
91 231
91 275
91 310
91 328
91 348
91 379
91 406
91 407
91 444
91 487
91 490
91 505
91 517
91 521
91 522
91 529
91 567
91 581
91 593
91 594
91 597
91 602
91 613
91 668
91 676
91 700
91 702
91 704
91 708
91 726
91 736
91 754
91 815
91 832
91 833
91 873
91 894
91 897
91 930
91 933
91 959
91 968
91 978
92 136
92 141
92 163
92 198
92 310
92 344
92 418
92 631
92 788
92 820
92 839
92 897
92 934
92 935
92 952
92 971
99 176
99 246
99 308
99 327
99 400
99 459
99 490
99 555
99 585
99 591
99 677
99 694
99 749
99 844
99 911
104 126
104 133
104 164
104 166
104 230
104 253
104 289
104 307
104 348
104 407
104 415
104 437
104 461
104 588
104 632
104 705
104 714
104 727
104 742
104 745
104 748
104 772
104 850
104 867
104 894
104 928
104 930
104 965
107 120
107 127
107 149
107 157
107 176
107 189
107 212
107 285
107 310
107 328
107 358
107 406
107 444
107 490
107 516
107 555
107 577
107 593
107 594
107 617
107 671
107 680
107 702
107 708
107 754
107 832
107 872
107 922
107 933
107 968
112 126
112 157
112 164
112 166
112 212
112 230
112 253
112 289
112 307
112 326
112 348
112 407
112 415
112 461
112 488
112 505
112 559
112 572
112 593
112 632
112 714
112 730
112 764
112 772
112 894
112 897
112 930
120 127
120 135
120 146
120 155
120 164
120 176
120 186
120 187
120 188
120 189
120 191
120 212
120 218
120 227
120 231
120 236
120 242
120 245
120 267
120 273
120 275
120 285
120 288
120 300
120 310
120 328
120 348
120 379
120 406
120 407
120 415
120 425
120 433
120 440
120 444
120 452
120 487
120 488
120 490
120 505
120 516
120 517
120 521
120 522
120 527
120 529
120 533
120 537
120 555
120 567
120 572
120 577
120 581
120 593
120 594
120 597
120 602
120 613
120 617
120 646
120 655
120 668
120 671
120 680
120 700
120 702
120 704
120 708
120 715
120 723
120 726
120 727
120 730
120 736
120 748
120 754
120 757
120 758
120 764
120 765
120 815
120 832
120 833
120 836
120 850
120 872
120 882
120 894
120 897
120 902
120 905
120 909
120 917
120 922
120 930
120 933
120 959
120 968
120 975
120 978
122 135
122 176
122 187
122 275
122 310
122 348
122 379
122 440
122 490
122 505
122 517
122 521
122 577
122 613
122 676
122 702
122 726
122 754
122 833
122 897
122 902
126 133
126 164
126 166
126 230
126 253
126 256
126 289
126 307
126 326
126 348
126 407
126 425
126 437
126 488
126 559
126 572
126 588
126 632
126 705
126 714
126 727
126 742
126 745
126 748
126 764
126 772
126 850
126 867
126 894
126 930
126 965
127 149
127 157
127 176
127 187
127 191
127 212
127 227
127 285
127 310
127 328
127 358
127 368
127 406
127 444
127 533
127 555
127 581
127 593
127 613
127 671
127 680
127 700
127 702
127 708
127 730
127 733
127 736
127 754
127 815
127 872
127 905
127 922
127 968
127 975
133 164
133 166
133 230
133 253
133 289
133 307
133 348
133 407
133 461
133 572
133 588
133 632
133 705
133 742
133 748
133 894
133 930
133 965
135 149
135 155
135 157
135 176
135 187
135 189
135 191
135 212
135 231
135 242
135 245
135 267
135 273
135 285
135 300
135 310
135 328
135 358
135 406
135 433
135 440
135 452
135 490
135 505
135 516
135 517
135 521
135 527
135 529
135 533
135 555
135 567
135 572
135 577
135 593
135 594
135 602
135 613
135 646
135 668
135 671
135 676
135 684
135 702
135 704
135 726
135 727
135 730
135 733
135 748
135 754
135 758
135 765
135 833
135 872
135 897
135 902
135 905
135 917
135 933
135 968
135 975
136 141
136 163
136 198
136 296
136 310
136 337
136 344
136 418
136 530
136 631
136 788
136 820
136 839
136 897
136 934
136 935
136 952
136 971
141 163
141 198
141 296
141 310
141 337
141 344
141 418
141 530
141 631
141 788
141 820
141 839
141 897
141 934
141 935
141 952
141 971
146 149
146 155
146 157
146 189
146 191
146 212
146 227
146 236
146 273
146 285
146 310
146 328
146 358
146 406
146 407
146 444
146 487
146 516
146 533
146 593
146 594
146 602
146 613
146 617
146 704
146 736
146 754
146 815
146 872
146 909
146 922
146 930
146 933
146 968
149 176
149 188
149 189
149 218
149 227
149 310
149 406
149 407
149 444
149 487
149 533
149 602
149 613
149 702
149 733
149 736
149 754
149 815
149 832
149 872
149 922
149 959
149 968
149 978
155 157
155 164
155 191
155 212
155 227
155 236
155 245
155 285
155 328
155 348
155 358
155 406
155 407
155 440
155 452
155 461
155 487
155 488
155 490
155 505
155 517
155 522
155 529
155 533
155 572
155 577
155 593
155 602
155 654
155 655
155 668
155 671
155 676
155 680
155 702
155 715
155 726
155 727
155 730
155 748
155 754
155 757
155 758
155 833
155 836
155 873
155 897
155 905
155 917
157 164
157 166
157 176
157 186
157 187
157 188
157 191
157 212
157 218
157 231
157 236
157 245
157 267
157 273
157 285
157 288
157 300
157 310
157 328
157 348
157 368
157 379
157 406
157 407
157 415
157 418
157 425
157 433
157 440
157 444
157 461
157 487
157 488
157 490
157 505
157 517
157 521
157 522
157 527
157 529
157 533
157 555
157 567
157 572
157 577
157 581
157 593
157 594
157 597
157 602
157 613
157 617
157 646
157 655
157 671
157 676
157 680
157 684
157 700
157 702
157 704
157 708
157 715
157 723
157 726
157 727
157 730
157 736
157 748
157 754
157 758
157 765
157 815
157 832
157 833
157 836
157 850
157 873
157 882
157 894
157 897
157 902
157 905
157 909
157 917
157 922
157 933
157 959
157 968
157 978
163 198
163 296
163 310
163 337
163 344
163 418
163 530
163 631
163 788
163 820
163 839
163 897
163 934
163 935
163 952
163 971
164 166
164 212
164 230
164 285
164 289
164 307
164 326
164 348
164 407
164 425
164 437
164 488
164 505
164 559
164 572
164 588
164 594
164 617
164 632
164 702
164 727
164 742
164 745
164 748
164 754
164 764
164 772
164 836
164 850
164 867
164 872
164 894
164 928
164 930
164 965
166 212
166 230
166 253
166 256
166 289
166 307
166 326
166 328
166 348
166 407
166 415
166 425
166 437
166 461
166 488
166 572
166 588
166 593
166 632
166 705
166 714
166 727
166 730
166 742
166 745
166 748
166 764
166 772
166 850
166 867
166 872
166 894
166 897
166 905
166 928
166 930
166 965
171 197
171 494
171 504
171 519
171 528
171 628
171 638
171 641
171 686
171 703
171 722
171 765
171 810
171 832
171 863
171 903
171 906
171 977
171 982
176 186
176 187
176 191
176 212
176 246
176 275
176 285
176 288
176 308
176 310
176 327
176 328
176 348
176 358
176 379
176 400
176 406
176 459
176 487
176 490
176 516
176 517
176 521
176 533
176 537
176 555
176 577
176 585
176 591
176 593
176 594
176 613
176 617
176 671
176 676
176 677
176 684
176 694
176 700
176 702
176 708
176 733
176 736
176 749
176 754
176 815
176 833
176 844
176 872
176 897
176 905
176 911
176 922
176 933
176 959
186 275
186 288
186 490
186 516
186 517
186 521
186 533
186 555
186 593
186 613
186 617
186 671
186 702
186 708
186 754
186 833
186 897
186 902
186 933
186 959
187 191
187 212
187 227
187 236
187 275
187 288
187 310
187 328
187 368
187 379
187 406
187 418
187 452
187 490
187 505
187 516
187 517
187 533
187 537
187 555
187 581
187 593
187 594
187 613
187 671
187 676
187 680
187 684
187 700
187 702
187 708
187 715
187 726
187 730
187 733
187 754
187 765
187 873
187 897
187 902
187 905
187 933
187 975
188 189
188 191
188 212
188 227
188 275
188 285
188 310
188 328
188 358
188 406
188 517
188 593
188 613
188 733
188 736
188 754
188 872
188 873
188 902
188 922
188 930
188 933
188 959
188 968
189 218
189 231
189 310
189 328
189 406
189 407
189 487
189 505
189 567
189 581
189 593
189 594
189 602
189 613
189 617
189 655
189 668
189 671
189 676
189 726
189 730
189 733
189 736
189 754
189 832
189 872
189 873
189 894
189 897
189 905
189 909
189 917
189 930
189 933
189 968
189 978
191 212
191 236
191 242
191 267
191 285
191 300
191 310
191 328
191 358
191 406
191 407
191 425
191 433
191 444
191 487
191 488
191 516
191 527
191 529
191 533
191 537
191 555
191 567
191 581
191 593
191 594
191 597
191 602
191 613
191 617
191 646
191 655
191 671
191 676
191 684
191 702
191 704
191 715
191 723
191 727
191 730
191 736
191 754
191 758
191 815
191 832
191 833
191 836
191 872
191 873
191 882
191 894
191 905
191 909
191 917
191 922
191 930
191 968
191 975
191 978
197 265
197 494
197 504
197 519
197 528
197 628
197 638
197 641
197 686
197 703
197 722
197 810
197 819
197 832
197 863
197 903
197 905
197 906
197 960
197 977
197 982
198 296
198 310
198 337
198 344
198 418
198 530
198 631
198 788
198 820
198 839
198 897
198 934
198 935
198 952
198 971
212 218
212 231
212 236
212 242
212 245
212 267
212 273
212 275
212 285
212 289
212 300
212 310
212 328
212 348
212 358
212 368
212 379
212 406
212 407
212 415
212 418
212 425
212 433
212 440
212 444
212 461
212 487
212 488
212 490
212 505
212 516
212 517
212 521
212 522
212 527
212 529
212 537
212 555
212 572
212 581
212 593
212 594
212 597
212 602
212 613
212 617
212 632
212 646
212 655
212 668
212 671
212 676
212 684
212 702
212 704
212 708
212 715
212 723
212 726
212 727
212 730
212 748
212 754
212 757
212 758
212 765
212 815
212 832
212 833
212 836
212 850
212 867
212 872
212 873
212 882
212 894
212 897
212 902
212 905
212 909
212 917
212 922
212 930
212 933
212 959
212 965
212 968
212 975
212 978
218 227
218 273
218 285
218 328
218 358
218 406
218 415
218 440
218 487
218 533
218 593
218 594
218 613
218 617
218 676
218 704
218 733
218 736
218 754
218 815
218 872
218 909
218 968
227 231
227 245
227 300
227 310
227 328
227 348
227 406
227 433
227 440
227 487
227 521
227 572
227 593
227 613
227 668
227 671
227 676
227 680
227 702
227 715
227 726
227 733
227 758
227 833
227 872
227 873
227 897
227 902
227 968
227 978
230 253
230 256
230 289
230 307
230 326
230 348
230 407
230 415
230 437
230 461
230 505
230 559
230 572
230 588
230 632
230 714
230 742
230 748
230 764
230 772
230 850
230 867
230 894
230 928
230 930
230 965
231 242
231 273
231 300
231 328
231 406
231 433
231 440
231 452
231 527
231 567
231 577
231 593
231 602
231 617
231 671
231 676
231 702
231 730
231 733
231 736
231 754
231 872
231 905
231 917
236 273
236 275
236 358
236 368
236 407
236 444
236 490
236 516
236 517
236 529
236 581
236 594
236 613
236 617
236 676
236 704
236 715
236 726
236 754
236 836
236 873
236 905
236 909
236 922
236 930
236 933
236 959
236 968
242 328
242 406
242 433
242 527
242 533
242 567
242 671
242 676
242 726
242 754
242 872
242 933
242 968
245 285
245 328
245 358
245 406
245 440
245 452
245 490
245 517
245 533
245 537
245 572
245 577
245 581
245 593
245 594
245 668
245 671
245 676
245 680
245 702
245 730
245 733
245 754
245 765
245 815
245 873
245 897
245 902
245 905
245 917
245 968
246 308
246 327
246 400
246 459
246 490
246 555
246 585
246 591
246 677
246 694
246 749
246 844
246 911
253 289
253 307
253 326
253 348
253 407
253 415
253 437
253 461
253 505
253 572
253 588
253 632
253 705
253 714
253 727
253 742
253 748
253 772
253 850
253 867
253 894
253 930
253 965
256 307
256 348
256 407
256 415
256 437
256 461
256 559
256 572
256 588
256 632
256 727
256 745
256 764
256 772
256 850
256 894
256 930
265 494
265 504
265 519
265 562
265 628
265 638
265 641
265 703
265 722
265 765
265 810
265 832
265 863
265 903
265 905
265 906
265 982
267 300
267 328
267 433
267 440
267 533
267 537
267 581
267 646
267 671
267 676
267 684
267 726
267 754
267 882
273 285
273 310
273 328
273 406
273 444
273 452
273 487
273 488
273 490
273 516
273 527
273 555
273 572
273 577
273 593
273 594
273 602
273 613
273 617
273 655
273 671
273 715
273 754
273 758
273 815
273 832
273 872
273 897
273 905
273 922
273 933
275 285
275 288
275 310
275 328
275 358
275 379
275 418
275 440
275 452
275 490
275 516
275 517
275 555
275 577
275 581
275 593
275 613
275 617
275 671
275 684
275 702
275 715
275 723
275 754
275 833
275 872
275 873
275 897
275 902
275 933
275 959
285 348
285 358
285 407
285 415
285 440
285 444
285 487
285 490
285 505
285 516
285 517
285 521
285 529
285 555
285 572
285 581
285 602
285 613
285 617
285 655
285 668
285 671
285 676
285 702
285 704
285 715
285 723
285 726
285 727
285 748
285 758
285 833
285 873
285 897
285 902
285 905
285 909
285 922
285 930
285 959
285 968
288 490
288 517
288 533
288 555
288 684
288 700
288 702
288 708
288 754
288 833
288 872
288 897
288 902
288 933
289 307
289 326
289 348
289 407
289 425
289 437
289 488
289 559
289 572
289 632
289 727
289 742
289 745
289 748
289 764
289 772
289 850
289 867
289 894
289 928
289 930
289 965
296 310
296 344
296 418
296 530
296 788
296 820
296 839
296 897
296 934
296 952
296 971
300 328
300 348
300 433
300 440
300 516
300 577
300 581
300 593
300 613
300 617
300 671
300 676
300 680
300 684
300 702
300 704
300 726
300 730
300 733
300 736
300 754
300 758
300 872
300 897
300 933
307 348
307 407
307 415
307 437
307 461
307 488
307 505
307 588
307 632
307 705
307 714
307 727
307 742
307 748
307 772
307 850
307 867
307 894
307 928
307 930
307 965
308 327
308 400
308 459
308 490
308 555
308 585
308 591
308 677
308 694
308 749
308 844
308 911
310 328
310 337
310 344
310 358
310 406
310 407
310 418
310 440
310 444
310 487
310 490
310 517
310 530
310 555
310 572
310 593
310 594
310 597
310 602
310 613
310 617
310 631
310 671
310 680
310 702
310 704
310 708
310 715
310 723
310 726
310 730
310 733
310 736
310 754
310 758
310 788
310 815
310 820
310 832
310 833
310 839
310 872
310 897
310 902
310 905
310 909
310 922
310 930
310 934
310 935
310 952
310 959
310 968
310 971
310 978
326 348
326 407
326 415
326 425
326 437
326 461
326 488
326 505
326 559
326 572
326 632
326 742
326 748
326 764
326 850
326 867
326 894
326 930
326 965
327 400
327 459
327 490
327 555
327 585
327 591
327 677
327 694
327 749
327 844
327 911
328 348
328 358
328 379
328 406
328 407
328 415
328 425
328 433
328 440
328 444
328 452
328 461
328 488
328 490
328 505
328 516
328 517
328 521
328 522
328 529
328 533
328 537
328 555
328 572
328 577
328 593
328 594
328 597
328 602
328 613
328 617
328 654
328 655
328 668
328 671
328 676
328 680
328 684
328 702
328 704
328 708
328 715
328 723
328 726
328 730
328 733
328 736
328 748
328 754
328 757
328 758
328 765
328 815
328 832
328 833
328 836
328 872
328 873
328 882
328 897
328 902
328 905
328 922
328 930
328 959
328 968
328 975
328 978
337 344
337 418
337 530
337 788
337 820
337 839
337 897
337 934
337 952
337 971
344 418
344 530
344 631
344 788
344 820
344 839
344 897
344 934
344 935
344 952
344 971
348 358
348 406
348 407
348 415
348 425
348 437
348 440
348 452
348 461
348 487
348 488
348 490
348 505
348 516
348 517
348 521
348 522
348 529
348 537
348 555
348 559
348 572
348 577
348 588
348 593
348 594
348 602
348 613
348 617
348 632
348 655
348 668
348 671
348 680
348 702
348 705
348 714
348 726
348 727
348 730
348 745
348 748
348 754
348 757
348 758
348 764
348 772
348 833
348 836
348 850
348 867
348 894
348 897
348 905
348 909
348 928
348 930
348 965
358 368
358 415
358 425
358 461
358 487
358 490
358 505
358 516
358 517
358 521
358 522
358 529
358 555
358 572
358 594
358 613
358 655
358 668
358 676
358 680
358 702
358 704
358 715
358 723
358 726
358 727
358 754
358 758
358 815
358 832
358 833
358 897
358 902
358 905
358 909
358 922
358 930
358 933
358 959
358 968
358 978
368 440
368 490
368 516
368 517
368 572
368 593
368 594
368 671
368 680
368 684
368 700
368 702
368 708
368 715
368 754
368 933
379 490
379 505
379 516
379 521
379 537
379 577
379 593
379 602
379 671
379 702
379 726
379 730
379 754
379 833
379 882
379 897
379 905
379 933
400 459
400 490
400 555
400 585
400 591
400 677
400 694
400 749
400 844
400 911
406 407
406 415
406 425
406 440
406 444
406 452
406 487
406 488
406 490
406 505
406 522
406 527
406 529
406 533
406 555
406 567
406 572
406 577
406 581
406 593
406 594
406 597
406 602
406 613
406 654
406 655
406 671
406 676
406 680
406 684
406 702
406 704
406 708
406 726
406 730
406 733
406 736
406 748
406 754
406 757
406 765
406 815
406 832
406 833
406 872
406 897
406 905
406 909
406 917
406 922
406 930
406 933
406 959
406 968
406 978
407 415
407 425
407 437
407 444
407 461
407 488
407 505
407 529
407 533
407 559
407 572
407 588
407 593
407 594
407 602
407 613
407 617
407 632
407 671
407 702
407 705
407 714
407 726
407 727
407 733
407 736
407 742
407 745
407 748
407 754
407 764
407 772
407 815
407 836
407 850
407 867
407 872
407 894
407 905
407 909
407 922
407 928
407 930
407 933
407 965
415 425
415 461
415 487
415 488
415 505
415 572
415 588
415 593
415 617
415 632
415 704
415 705
415 714
415 727
415 736
415 748
415 754
415 764
415 772
415 850
415 872
415 894
415 922
415 928
415 930
418 440
418 517
418 530
418 593
418 613
418 631
418 676
418 680
418 684
418 702
418 788
418 820
418 833
418 839
418 897
418 902
418 934
418 935
418 952
418 971
425 437
425 488
425 559
425 572
425 594
425 617
425 632
425 742
425 745
425 754
425 764
425 836
425 850
425 867
425 894
425 905
425 930
425 933
425 965
425 978
433 440
433 490
433 505
433 517
433 533
433 537
433 567
433 646
433 671
433 676
433 684
433 702
433 715
433 726
433 736
433 748
433 754
433 833
433 882
433 897
433 902
437 488
437 505
437 559
437 572
437 588
437 632
437 742
437 745
437 764
437 772
437 850
437 867
437 894
437 930
437 965
440 452
440 490
440 505
440 517
440 529
440 533
440 567
440 572
440 577
440 581
440 593
440 594
440 646
440 654
440 655
440 668
440 676
440 680
440 684
440 702
440 715
440 726
440 730
440 733
440 748
440 754
440 758
440 833
440 882
440 894
440 897
440 902
440 905
440 917
444 487
444 529
444 572
444 594
444 597
444 613
444 617
444 727
444 736
444 754
444 832
444 836
444 872
444 909
444 930
444 933
452 490
452 505
452 516
452 517
452 529
452 537
452 572
452 577
452 593
452 602
452 613
452 654
452 655
452 671
452 676
452 702
452 726
452 833
452 897
452 902
452 905
459 490
459 555
459 585
459 591
459 677
459 694
459 749
459 844
459 911
461 490
461 505
461 522
461 529
461 572
461 588
461 593
461 632
461 668
461 671
461 705
461 714
461 726
461 727
461 730
461 745
461 748
461 764
461 772
461 850
461 867
461 872
461 894
461 897
461 905
461 928
461 930
461 965
487 505
487 516
487 522
487 529
487 533
487 572
487 577
487 593
487 594
487 668
487 671
487 684
487 704
487 727
487 736
487 754
487 815
487 872
487 917
487 930
487 968
488 522
488 529
488 533
488 537
488 559
488 572
488 593
488 602
488 617
488 668
488 671
488 676
488 730
488 745
488 754
488 764
488 772
488 872
488 905
488 930
488 933
488 965
490 505
490 516
490 517
490 521
490 529
490 533
490 537
490 555
490 572
490 577
490 581
490 585
490 591
490 593
490 594
490 613
490 668
490 671
490 676
490 677
490 680
490 684
490 694
490 700
490 702
490 708
490 715
490 726
490 730
490 733
490 754
490 757
490 758
490 833
490 836
490 844
490 872
490 897
490 902
490 905
490 911
490 917
490 933
490 959
494 504
494 519
494 528
494 562
494 628
494 634
494 638
494 641
494 666
494 686
494 703
494 722
494 744
494 765
494 810
494 819
494 832
494 863
494 903
494 905
494 906
494 960
494 977
494 982
504 519
504 528
504 562
504 628
504 634
504 638
504 641
504 666
504 686
504 703
504 722
504 744
504 765
504 810
504 819
504 832
504 863
504 903
504 905
504 906
504 960
504 977
504 982
505 517
505 522
505 529
505 533
505 572
505 577
505 588
505 593
505 632
505 654
505 655
505 668
505 671
505 676
505 702
505 715
505 726
505 727
505 730
505 748
505 754
505 758
505 764
505 833
505 836
505 850
505 872
505 873
505 882
505 894
505 897
505 902
505 905
505 917
505 930
516 529
516 572
516 593
516 594
516 613
516 671
516 676
516 684
516 708
516 715
516 723
516 726
516 727
516 748
516 754
516 758
516 833
516 836
516 872
516 897
516 902
516 905
517 529
517 537
517 555
517 572
517 577
517 581
517 593
517 613
517 617
517 646
517 655
517 668
517 671
517 676
517 680
517 684
517 702
517 708
517 715
517 723
517 726
517 730
517 733
517 748
517 754
517 758
517 833
517 873
517 894
517 897
517 902
517 905
517 917
517 930
519 528
519 562
519 628
519 634
519 638
519 641
519 666
519 686
519 703
519 722
519 744
519 765
519 810
519 819
519 832
519 863
519 903
519 905
519 906
519 960
519 977
519 982
521 533
521 537
521 572
521 577
521 593
521 594
521 597
521 617
521 676
521 680
521 702
521 726
521 730
521 733
521 736
521 754
521 833
521 872
521 897
521 902
521 905
521 917
521 933
522 529
522 572
522 593
522 594
522 668
522 754
522 815
522 836
522 909
522 930
522 933
527 533
527 567
527 617
527 676
527 704
527 715
527 754
527 872
527 933
527 968
528 562
528 628
528 634
528 641
528 666
528 686
528 703
528 722
528 744
528 765
528 810
528 819
528 832
528 863
528 903
528 905
528 906
528 960
528 977
528 982
529 533
529 537
529 572
529 577
529 581
529 593
529 594
529 654
529 655
529 668
529 671
529 676
529 702
529 727
529 730
529 736
529 748
529 754
529 758
529 836
529 872
529 897
529 905
529 909
529 917
529 930
529 933
530 788
530 820
530 839
530 897
530 934
530 952
530 971
533 537
533 567
533 572
533 581
533 593
533 594
533 602
533 613
533 617
533 646
533 655
533 668
533 671
533 676
533 700
533 708
533 715
533 726
533 727
533 730
533 754
533 758
533 815
533 832
533 833
533 836
533 872
533 873
533 882
533 894
533 897
533 902
533 905
533 909
533 922
533 933
533 968
537 572
537 581
537 593
537 602
537 613
537 646
537 655
537 668
537 676
537 684
537 715
537 726
537 730
537 758
537 873
537 882
537 902
537 905
555 585
555 591
555 593
555 594
555 613
555 671
555 677
555 694
555 702
555 704
555 733
555 736
555 749
555 754
555 833
555 844
555 872
555 897
555 911
555 933
555 959
555 968
559 572
559 632
559 742
559 745
559 748
559 764
559 772
559 850
559 867
559 894
559 930
559 965
562 628
562 638
562 641
562 666
562 703
562 722
562 744
562 765
562 810
562 832
562 863
562 903
562 905
562 982
567 594
567 617
567 676
567 704
567 726
567 754
567 833
567 872
567 933
567 978
572 577
572 581
572 588
572 593
572 594
572 602
572 632
572 646
572 655
572 668
572 671
572 676
572 680
572 684
572 702
572 714
572 715
572 726
572 727
572 730
572 736
572 742
572 745
572 748
572 754
572 758
572 764
572 772
572 836
572 850
572 867
572 894
572 897
572 905
572 922
572 930
572 965
577 593
577 594
577 654
577 655
577 671
577 676
577 680
577 702
577 708
577 723
577 726
577 730
577 748
577 754
577 757
577 758
577 833
577 836
577 897
577 905
581 593
581 594
581 617
581 671
581 676
581 680
581 684
581 700
581 702
581 715
581 723
581 730
581 736
581 754
581 872
581 882
581 897
581 905
581 933
585 591
585 677
585 694
585 749
585 911
588 632
588 705
588 727
588 748
588 764
588 772
588 850
588 894
588 930
588 965
591 677
591 694
591 749
591 844
591 911
593 594
593 597
593 602
593 613
593 655
593 668
593 671
593 676
593 680
593 684
593 700
593 702
593 704
593 708
593 715
593 723
593 726
593 730
593 733
593 748
593 757
593 764
593 765
593 815
593 832
593 833
593 872
593 873
593 882
593 894
593 897
593 902
593 905
593 909
593 917
593 922
593 930
593 959
593 968
593 975
593 978
594 602
594 613
594 617
594 655
594 668
594 671
594 676
594 700
594 704
594 715
594 726
594 730
594 733
594 736
594 754
594 758
594 765
594 815
594 832
594 836
594 872
594 897
594 905
594 909
594 922
594 930
594 933
594 959
594 968
594 975
594 978
597 617
597 736
597 754
597 872
597 909
597 933
597 968
602 617
602 671
602 676
602 704
602 726
602 730
602 736
602 754
602 758
602 815
602 836
602 872
602 905
602 930
602 933
602 968
602 978
613 617
613 671
613 684
613 702
613 704
613 708
613 715
613 723
613 730
613 733
613 736
613 754
613 758
613 833
613 872
613 873
613 897
613 902
613 905
613 909
613 922
613 930
613 933
613 959
613 968
613 978
617 655
617 671
617 704
617 723
617 727
617 754
617 872
617 882
617 897
617 902
617 905
617 909
617 922
617 933
617 968
617 978
628 634
628 638
628 641
628 666
628 686
628 703
628 722
628 744
628 765
628 810
628 819
628 832
628 863
628 903
628 905
628 906
628 960
628 977
628 982
631 788
631 820
631 839
631 897
631 934
631 935
631 952
631 971
632 705
632 727
632 742
632 745
632 748
632 764
632 772
632 850
632 867
632 894
632 928
632 930
632 965
634 638
634 666
634 686
634 703
634 722
634 744
634 765
634 810
634 832
634 863
634 903
634 905
634 982
638 641
638 666
638 703
638 722
638 765
638 810
638 819
638 832
638 863
638 903
638 905
638 906
638 960
638 977
638 982
641 703
641 722
641 744
641 810
641 819
641 832
641 863
641 903
641 977
641 982
646 684
646 715
646 726
646 730
646 833
646 882
646 897
646 902
654 671
654 676
654 702
654 726
654 833
654 905
655 668
655 671
655 676
655 680
655 730
655 733
655 736
655 748
655 754
655 758
655 873
655 897
655 905
655 917
655 968
666 703
666 722
666 765
666 810
666 819
666 832
666 863
666 903
666 906
668 671
668 676
668 702
668 715
668 726
668 727
668 730
668 748
668 754
668 758
668 833
668 897
668 905
668 917
668 930
671 676
671 680
671 702
671 704
671 708
671 715
671 723
671 726
671 730
671 736
671 754
671 757
671 758
671 765
671 815
671 833
671 873
671 882
671 894
671 897
671 902
671 905
671 922
671 933
671 975
676 680
676 684
676 702
676 715
676 723
676 726
676 730
676 733
676 736
676 754
676 757
676 758
676 815
676 833
676 882
676 897
676 902
676 905
676 917
676 933
676 968
676 975
676 978
677 694
677 749
677 844
677 911
680 684
680 700
680 702
680 708
680 715
680 723
680 726
680 730
680 754
680 757
680 815
680 833
680 873
680 882
680 897
680 902
680 917
680 930
684 700
684 702
684 704
684 708
684 730
684 733
684 872
684 873
684 902
684 917
686 703
686 722
686 744
686 765
686 810
686 819
686 832
686 863
686 903
686 905
686 906
686 977
686 982
694 749
694 844
694 911
700 702
700 708
700 754
700 833
700 872
700 897
702 704
702 708
702 715
702 726
702 730
702 733
702 736
702 748
702 754
702 757
702 765
702 833
702 872
702 897
702 902
702 905
702 933
702 975
703 722
703 744
703 765
703 810
703 819
703 832
703 863
703 903
703 905
703 906
703 960
703 977
703 982
704 715
704 723
704 730
704 736
704 754
704 815
704 872
704 897
704 909
704 917
704 922
704 933
704 968
705 727
705 748
705 772
705 850
705 894
705 930
708 754
708 833
708 872
708 897
708 933
708 959
714 772
714 850
714 894
714 930
714 965
715 723
715 730
715 736
715 754
715 833
715 872
715 897
715 902
715 933
715 968
722 744
722 765
722 810
722 819
722 832
722 863
722 903
722 905
722 906
722 960
722 977
722 982
723 730
723 754
723 897
723 902
723 917
723 933
726 730
726 733
726 748
726 754
726 757
726 833
726 872
726 873
726 882
726 894
726 897
726 902
726 905
726 917
726 930
726 933
727 730
727 745
727 748
727 764
727 836
727 850
727 872
727 894
727 905
727 909
727 928
727 930
730 733
730 757
730 758
730 764
730 765
730 833
730 872
730 882
730 894
730 897
730 902
730 905
730 917
730 968
730 975
733 872
733 917
733 933
733 959
733 968
733 978
736 748
736 754
736 758
736 815
736 832
736 836
736 902
736 909
736 930
736 933
736 959
736 968
736 978
742 745
742 764
742 850
742 867
742 894
742 965
744 765
744 810
744 819
744 832
744 863
744 903
744 906
744 977
745 748
745 764
745 850
745 867
745 894
745 965
748 754
748 758
748 772
748 836
748 850
748 872
748 894
748 897
748 905
748 928
748 930
748 965
749 911
754 757
754 758
754 765
754 815
754 832
754 833
754 836
754 850
754 872
754 873
754 882
754 894
754 897
754 902
754 905
754 909
754 922
754 930
754 933
754 959
754 968
754 975
754 978
758 872
758 873
758 882
758 897
758 905
758 917
764 772
764 850
764 867
764 872
764 894
764 897
764 905
764 930
764 965
765 810
765 819
765 832
765 863
765 872
765 903
765 905
765 960
765 982
772 850
772 867
772 894
772 930
772 965
788 820
788 839
788 897
788 934
788 935
788 952
788 971
810 819
810 832
810 863
810 903
810 905
810 906
810 960
810 977
810 982
815 832
815 836
815 897
815 922
815 930
815 933
815 968
815 978
819 832
819 863
819 903
819 905
819 906
819 982
820 839
820 897
820 934
820 935
820 952
820 971
832 863
832 872
832 903
832 905
832 906
832 922
832 933
832 960
832 968
832 977
832 982
833 872
833 873
833 897
833 902
833 905
833 933
833 959
836 872
836 905
836 909
836 930
839 897
839 934
839 935
839 952
839 971
844 911
850 894
850 930
850 965
863 903
863 905
863 906
863 960
863 977
863 982
867 894
867 930
867 965
872 894
872 897
872 905
872 909
872 917
872 922
872 930
872 933
872 959
872 968
872 975
872 978
873 894
873 897
873 902
873 933
873 959
873 978
882 897
882 905
894 897
894 905
894 928
894 930
894 965
897 902
897 905
897 917
897 930
897 933
897 934
897 935
897 952
897 971
902 905
902 917
902 959
903 905
903 906
903 960
903 977
903 982
905 906
905 917
905 922
905 930
905 933
905 960
905 968
905 975
905 977
905 982
906 977
906 982
909 930
909 933
909 968
922 930
922 933
922 959
922 968
928 930
930 965
930 968
933 959
933 968
933 978
934 935
934 952
934 971
935 952
935 971
952 971
959 968
960 977
960 982
968 975
968 978
977 982